RESULTS
==========================================================

The best result was given by the K Nearest Neighbours classifier.

Accuracy Score - 0.9756

Confusion Matrix:

[5884,    5,    4,    0,    0,    6,   17,    2,    1,    4],
[   2, 6707,   11,    2,    5,    0,    2,   10,    1,    2],
[  45,   64, 5704,   15,    8,    7,   10,   85,   13,    7],
[   7,   16,   41, 5904,    1,   66,    3,   33,   33,   27],
[   5,   53,    1,    1, 5640,    0,   14,    9,    2,  117],
[  16,   12,    5,   71,   12, 5199,   64,    5,    9,   28],
[  24,   14,    1,    0,    5,   22, 5849,    1,    2,    0],
[   4,   68,   15,    2,   13,    1,    0, 6097,    2,   63],
[  24,   75,   25,   85,   32,  104,   27,   20, 5392,   67],
[  18,   12,    6,   42,   48,   12,    4,   78,   12, 5717]